9
1, 0, 3, 4, 0, 6, 7, 0, 9
0, 3, 4, 0, 6, 7, 0, 9, 1
3, 4, 0, 6, 7, 0, 9, 1, 0
4, 0, 6, 7, 0, 9, 1, 0, 3
0, 6, 7, 0, 9, 1, 0, 3, 4
6, 7, 0, 9, 1, 0, 3, 4, 0
7, 0, 9, 1, 0, 3, 4, 0, 6
0, 9, 1, 0, 3, 4, 0, 6, 7
9, 1, 0, 3, 4, 0, 6, 7, 0

0, 0, 0, 0, 0, 0, 0, 0
0, 0, 0, 0, 0, 0, 0, 0
0, 0, 0, 0, 0, 0, 0, 0
0, 0, 0, 0, 0, 0, 0, 0
0, 0, 0, 0, 0, 0, 0, 0
0, 0, 0, 0, 0, 0, 0, 0
0, 0, 0, 0, 0, 0, 0, 0
0, 0, 0, 0, 0, 0, 0, 0
0, 0, 0, 0, 0, 0, 0, 0

0, 0, 0, 0, 0, 0, 0, 0, 0
0, 0, 0, 0, 0, 0, 0, 0, 0
0, 0, 0, 0, 0, 0, 0, 0, 0
0, 0, 0, 0, 0, 0, 0, 0, 0
0, 0, 0, 0, 0, 0, 0, 0, 0
0, 0, 0, 0, 0, 0, 0, 0, 0
0, 0, 0, 0, 0, 0, 0, 0, 0
0, 0, 0, 0, 0, 0, 0, 0, 0
